==================================================
Training Report
==================================================

Total samples: 8055
Training samples: 5638
Validation samples: 1208
Test samples: 1209

--------------------------------------------------
Validation Results
--------------------------------------------------
Keras MLP: 0.9503
              precision    recall  f1-score   support

           A       0.97      0.99      0.98        98
           B       0.95      0.97      0.96        73
           C       0.97      0.98      0.98        60
           D       1.00      0.97      0.99        77
           E       0.99      0.93      0.96        88
           F       1.00      0.95      0.97        57
           G       1.00      0.94      0.97        31
           H       1.00      0.97      0.99        36
       HELLO       0.97      1.00      0.99        33
           I       0.90      0.73      0.81        52
  I_LOVE_YOU       0.96      0.96      0.96        25
           J       0.62      0.77      0.69        26
           K       0.94      0.94      0.94        31
           L       0.92      0.92      0.92        13
           M       0.98      0.96      0.97        55
           N       0.94      0.96      0.95        48
          NO       0.96      0.88      0.92        25
           O       0.83      1.00      0.91        25
           P       0.93      0.96      0.95        27
           Q       0.92      1.00      0.96        33
           R       0.91      1.00      0.96        32
           S       1.00      0.94      0.97        32
           T       1.00      0.94      0.97        32
   THANK_YOU       0.93      1.00      0.96        25
           U       0.96      1.00      0.98        22
           V       0.95      0.95      0.95        19
           W       1.00      1.00      1.00        24
           X       1.00      1.00      1.00        31
           Y       0.96      0.96      0.96        26
         YES       0.87      0.97      0.92        34
           Z       0.94      0.83      0.88        18

    accuracy                           0.95      1208
   macro avg       0.94      0.95      0.94      1208
weighted avg       0.95      0.95      0.95      1208

SVM: 0.9462
              precision    recall  f1-score   support

           A       0.97      0.99      0.98        98
           B       0.95      0.97      0.96        73
           C       1.00      0.98      0.99        60
           D       1.00      0.95      0.97        77
           E       0.94      0.95      0.95        88
           F       1.00      0.93      0.96        57
           G       1.00      1.00      1.00        31
           H       0.97      0.94      0.96        36
       HELLO       0.97      1.00      0.99        33
           I       0.83      0.87      0.85        52
  I_LOVE_YOU       0.92      0.96      0.94        25
           J       0.72      0.81      0.76        26
           K       1.00      0.94      0.97        31
           L       0.92      0.92      0.92        13
           M       0.89      0.85      0.87        55
           N       0.84      0.90      0.87        48
          NO       1.00      0.84      0.91        25
           O       0.93      1.00      0.96        25
           P       0.96      1.00      0.98        27
           Q       0.97      1.00      0.99        33
           R       0.97      1.00      0.98        32
           S       1.00      0.91      0.95        32
           T       0.93      0.88      0.90        32
   THANK_YOU       0.96      0.96      0.96        25
           U       0.96      1.00      0.98        22
           V       0.90      1.00      0.95        19
           W       1.00      1.00      1.00        24
           X       0.97      1.00      0.98        31
           Y       1.00      0.96      0.98        26
         YES       0.92      0.97      0.94        34
           Z       0.88      0.78      0.82        18

    accuracy                           0.95      1208
   macro avg       0.94      0.94      0.94      1208
weighted avg       0.95      0.95      0.95      1208

Random Forest: 0.9445
              precision    recall  f1-score   support

           A       0.96      1.00      0.98        98
           B       0.92      0.97      0.95        73
           C       1.00      0.98      0.99        60
           D       0.99      0.95      0.97        77
           E       0.96      0.93      0.95        88
           F       1.00      0.95      0.97        57
           G       0.97      0.97      0.97        31
           H       0.97      0.97      0.97        36
       HELLO       0.97      1.00      0.99        33
           I       0.87      0.90      0.89        52
  I_LOVE_YOU       1.00      0.96      0.98        25
           J       0.79      0.73      0.76        26
           K       1.00      0.97      0.98        31
           L       0.86      0.92      0.89        13
           M       0.88      0.93      0.90        55
           N       0.87      0.85      0.86        48
          NO       0.92      0.88      0.90        25
           O       0.96      1.00      0.98        25
           P       0.96      0.93      0.94        27
           Q       0.92      1.00      0.96        33
           R       1.00      1.00      1.00        32
           S       0.91      0.91      0.91        32
           T       1.00      0.88      0.93        32
   THANK_YOU       0.96      1.00      0.98        25
           U       0.92      1.00      0.96        22
           V       0.95      1.00      0.97        19
           W       1.00      1.00      1.00        24
           X       0.97      1.00      0.98        31
           Y       1.00      0.96      0.98        26
         YES       0.81      0.85      0.83        34
           Z       0.93      0.72      0.81        18

    accuracy                           0.94      1208
   macro avg       0.94      0.94      0.94      1208
weighted avg       0.95      0.94      0.94      1208

Scikit-learn MLP: 0.9371
              precision    recall  f1-score   support

           A       0.99      0.99      0.99        98
           B       0.95      0.97      0.96        73
           C       0.98      0.98      0.98        60
           D       1.00      0.95      0.97        77
           E       0.96      0.91      0.94        88
           F       0.98      0.95      0.96        57
           G       1.00      0.97      0.98        31
           H       0.97      0.94      0.96        36
       HELLO       0.97      1.00      0.99        33
           I       0.79      0.87      0.83        52
  I_LOVE_YOU       0.89      1.00      0.94        25
           J       0.67      0.54      0.60        26
           K       1.00      0.94      0.97        31
           L       1.00      0.92      0.96        13
           M       0.83      0.89      0.86        55
           N       0.85      0.92      0.88        48
          NO       0.91      0.84      0.88        25
           O       0.93      1.00      0.96        25
           P       0.93      0.96      0.95        27
           Q       0.94      1.00      0.97        33
           R       0.97      1.00      0.98        32
           S       1.00      0.91      0.95        32
           T       0.96      0.81      0.88        32
   THANK_YOU       0.96      1.00      0.98        25
           U       0.92      1.00      0.96        22
           V       0.95      0.95      0.95        19
           W       1.00      1.00      1.00        24
           X       0.97      1.00      0.98        31
           Y       1.00      0.96      0.98        26
         YES       0.89      0.94      0.91        34
           Z       0.74      0.78      0.76        18

    accuracy                           0.94      1208
   macro avg       0.93      0.93      0.93      1208
weighted avg       0.94      0.94      0.94      1208


--------------------------------------------------
Test Results for Best Model (Keras MLP)
--------------------------------------------------
Test Accuracy: 0.9495

              precision    recall  f1-score   support

           A       0.99      0.97      0.98        99
           B       0.99      0.99      0.99        73
           C       0.97      1.00      0.98        60
           D       0.97      0.96      0.97        78
           E       0.98      0.94      0.96        88
           F       1.00      0.98      0.99        57
           G       1.00      0.94      0.97        32
           H       1.00      0.94      0.97        36
       HELLO       0.97      1.00      0.99        34
           I       0.92      0.85      0.88        53
  I_LOVE_YOU       1.00      1.00      1.00        25
           J       0.71      0.77      0.74        26
           K       1.00      0.97      0.98        30
           L       0.93      1.00      0.96        13
           M       0.89      0.91      0.90        56
           N       0.90      0.90      0.90        49
          NO       1.00      0.92      0.96        24
           O       0.89      1.00      0.94        24
           P       0.87      1.00      0.93        26
           Q       0.97      1.00      0.99        34
           R       0.91      1.00      0.96        32
           S       0.94      1.00      0.97        31
           T       0.94      0.91      0.92        32
   THANK_YOU       0.89      1.00      0.94        25
           U       1.00      0.91      0.95        22
           V       0.94      0.94      0.94        18
           W       0.96      1.00      0.98        23
           X       1.00      0.97      0.98        32
           Y       0.92      0.96      0.94        25
         YES       0.86      0.94      0.90        34
           Z       0.92      0.61      0.73        18

    accuracy                           0.95      1209
   macro avg       0.94      0.94      0.94      1209
weighted avg       0.95      0.95      0.95      1209
